ES111	167837	204448	60655	7931	293	619	6530	1054019	453371	451565	3252	1806
ES112	59735	83663	17080	1527	194	164	1898	347283	165901	165241	980	660
ES113	52188	91248	15736	1304	112	169	1639	355355	163969	163359	963	610
ES114	136813	169714	48285	6864	252	593	5511	850734	371952	370511	2479	1441
ES120	204889	195972	257	27834	1677	2098	5676	986218	442771	441647	3244	1124
ES130	104564	129811	496	6291	555	209	3476	479727	248684	247446	2044	1238
ES211	31486	30694	23551	3799	5766	51	3029	247400	107286	98986	610	8300
ES212	57298	35701	64859	8080	26719	113	8457	582181	248282	202540	1313	45742
ES213	110557	82222	160733	17582	22340	179	8763	974400	448807	404599	2223	44208
ES220	69833	90336	4188	8539	9684	1729	13865	467018	215571	199888	1714	15683
ES230	55410	64795	207	2612	313	48	2056	235311	126819	126373	932	446
ES241	40381	34589	101	2162	4100	2274	1313	177199	85866	85580	660	286
ES242	25846	25879	20	1312	2271	2871	625	115982	59421	59188	364	233
ES243	154492	131938	157	11266	23149	9012	3909	727015	337704	336751	2828	953
ES300	941954	1088712	2102	112780	1976	1353	33474	4471616	2202062	2197863	15512	4199
ES411	28053	50397	18	1862	30	20	1218	143687	82567	82180	582	387
ES412	60910	87517	184	4042	127	64	4130	303456	159179	158585	1611	594
ES413	104257	102314	99	4422	62	178	3755	450668	217197	216522	1435	675
ES414	35112	44625	31	2134	27	33	1527	152491	84455	84172	683	283
ES415	62871	89764	52	2800	67	56	2884	312030	160268	159675	1181	593
ES416	26966	38239	19	1863	35	38	1504	124736	69636	69295	631	341
ES417	14850	21418	24	711	45	13	767	78546	38337	38188	360	149
ES418	102482	118048	95	7908	77	69	4390	432249	235753	235140	2071	613
ES419	36788	50414	30	1569	20	44	1705	181938	91593	91214	644	379
ES421	68548	70481	24	4537	179	42	1831	298925	147153	146660	1018	493
ES422	92550	93070	37	4223	38	55	1964	393132	193749	193017	1080	732
ES423	42488	49315	12	1953	10	20	1045	165372	95700	95382	539	318
ES424	34049	41003	37	2897	56	28	1441	152248	80425	80126	615	299
ES425	106302	119020	57	6312	49	54	2663	452472	236512	235609	1152	903
ES431	137463	111430	49	7523	41	645	2509	538973	261926	260932	1272	994
ES432	90620	77404	37	3613	44	1043	2045	346541	176379	175682	876	697
ES511	711020	293873	251545	125756	165625	1893	35415	4020221	1596418	1593578	8451	2840
ES512	67152	23678	46943	10781	33762	107	4979	477267	189311	188635	1233	676
ES513	44565	21419	31583	5209	18826	28	2764	312335	125504	125163	769	341
ES514	84384	38134	39032	10125	31544	102	5061	519964	210147	209586	1204	561
ES521	243360	292284	3943	15296	3500	369	9959	1183043	573757	571612	2901	2145
ES522	90773	101633	2766	4587	2370	611	3454	403072	208252	207457	1263	795
ES523	403536	475031	12918	38370	9833	7547	16196	1888465	971237	968717	5286	2520
ES53	101212	121587	9394	6167	7498	8120	5430	696214	261875	261109	1701	766
ES611	87703	81182	74	4263	611	2869	1763	431025	179593	179231	766	362
ES612	159678	110664	90	13577	2737	8374	4115	930544	301331	300699	1464	632
ES613	154489	103734	46	20660	439	8314	2599	633515	292315	291738	1457	577
ES614	169070	124962	104	15095	587	4850	3483	697208	320423	319682	1531	741
ES615	78233	43757	49	5711	231	4414	1196	379422	134542	134178	587	364
ES616	154139	96046	43	12594	282	6295	1996	526454	273064	272384	989	680
ES617	209922	154934	155	20783	550	9729	5719	1050626	404550	403729	1937	821
ES618	336241	181122	144	32620	1099	18938	6426	1434938	581058	579962	3372	1096
ES620	168050	272400	101	13164	148	112	5839	944397	463337	462184	2370	1153
ES630	7010	10388	9	110	5	26	212	56732	17966	17874	114	92
ES640	6815	8023	8	153	13	30	177	49060	15347	15298	79	49
ES707	101218	125714	298	4846	377	29351	5062	741688	269020	268202	1336	818
ES709	104950	88446	339	5017	364	61268	5628	730932	268149	267348	1336	801
