ES111	 213954	 157516	 118	 6481	 7083	 41725	 1256	 2017	 5172	 1072948	 443546	 440718	 435322	 5396	 2828
ES112	 84098	 54898	 43	 1390	 1330	 13071	 285	 483	 1950	 346435	 160549	 159356	 157548	 1808	 1193
ES113	 88894	 55971	 40	 1244	 1130	 12641	 279	 479	 2125	 356821	 165306	 164279	 162803	 1476	 1027
ES114	 184374	 134756	 93	 5841	 4605	 36287	 1640	 1801	 4736	 877205	 380572	 378044	 374133	 3911	 2528
ES120	 180936	 189783	 120	 24337	 17721	 718	 843	 2089	 8159	 982129	 433513	 430789	 424706	 6083	 2724
ES130	 125691	 98907	 349	 4938	 8001	 668	 502	 856	 4395	 491996	 249867	 247821	 244307	 3514	 2046
ES211	 25242	 30674	 19131	 1861	 2303	 4613	 10710	 735	 1743	 249161	 98348	 97826	 97012	 814	 522
ES212	 26971	 58736	 54979	 3705	 2602	 18571	 53241	 1175	 2857	 575608	 225201	 224532	 222837	 1695	 669
ES213	 64844	 113475	 134322	 7663	 6058	 17956	 52876	 2199	 5759	 953420	 409619	 408028	 405152	 2876	 1591
ES220	 76629	 63848	 3691	 6775	 4302	 14060	 23154	 1954	 5244	 478700	 204345	 202798	 199657	 3141	 1547
ES230	 61098	 48898	 126	 2251	 3593	 399	 228	 560	 1705	 241171	 121475	 120569	 118858	 1711	 906
ES241	 33874	 36445	 275	 2450	 2465	 2067	 162	 663	 1423	 177078	 82091	 81523	 79824	 1699	 568
ES242	 24798	 23647	 44	 1812	 838	 1157	 62	 289	 772	 113813	 54943	 54495	 53419	 1076	 448
ES243	 137384	 146621	 146	 12311	 11653	 10129	 733	 2463	 6310	 728392	 336332	 334242	 327750	 6492	 2090
ES300	 1112670	 815699	 1147	 103987	 156839	 7391	 4031	 12065	 50123	 4564634	 2300863	 2290429	 2263952	 26477	 10434
ES411	 47920	 24688	 17	 1961	 2680	 113	 88	 234	 1171	 143048	 80636	 79860	 78872	 988	 776
ES412	 79646	 55344	 112	 4060	 7039	 463	 522	 874	 3401	 302537	 155096	 154016	 151461	 2555	 1080
ES413	 97306	 94783	 44	 4306	 6177	 438	 211	 799	 3619	 446747	 212199	 210748	 207683	 3065	 1451
ES414	 41556	 31514	 29	 1946	 2142	 175	 109	 334	 1237	 149238	 80857	 80233	 79042	 1191	 624
ES415	 85927	 55340	 34	 2696	 5071	 301	 150	 650	 3201	 310349	 156870	 155559	 153370	 2189	 1311
ES416	 37445	 23614	 19	 1923	 2659	 178	 152	 389	 1198	 124627	 69328	 68725	 67577	 1148	 603
ES417	 19442	 13625	 14	 739	 1014	 60	 40	 166	 621	 77237	 36770	 36434	 35721	 713	 336
ES418	 114661	 89665	 64	 6684	 11958	 549	 634	 956	 3917	 434099	 233676	 232262	 229088	 3174	 1414
ES419	 47204	 33699	 20	 1534	 1680	 164	 75	 270	 1600	 178167	 88349	 87300	 86246	 1054	 1049
ES421	 75779	 63579	 24	 5034	 4064	 377	 66	 604	 2036	 305929	 154725	 153544	 151563	 1981	 1181
ES422	 99617	 83083	 37	 5582	 4301	 416	 71	 546	 2132	 400378	 199721	 198036	 195785	 2251	 1685
ES423	 48839	 38612	 11	 2109	 1530	 96	 53	 257	 955	 164481	 94390	 93621	 92462	 1159	 769
ES424	 45741	 32276	 33	 3147	 4311	 227	 124	 447	 1513	 174279	 89628	 89011	 87819	 1192	 617
ES425	 137875	 98988	 36	 7941	 6542	 497	 145	 812	 3171	 500153	 260601	 258438	 256007	 2431	 2163
ES431	 121382	 133245	 62	 7422	 5490	 497	 112	 673	 3381	 550843	 276642	 274886	 272264	 2622	 1756
ES432	 77992	 86286	 24	 4076	 2892	 338	 106	 509	 2835	 348927	 178380	 176922	 175058	 1864	 1458
ES511	 275730	 558776	 310320	 100179	 13167	 123962	 12522	 15255	 40964	 4005311	 1501820	 1492286	 1450875	 41411	 9534
ES512	 22727	 50886	 51347	 8126	 721	 23003	 1697	 1785	 4626	 500294	 173054	 171195	 164918	 6277	 1859
ES513	 18715	 30813	 33983	 3962	 440	 13310	 857	 719	 2535	 313012	 110704	 109640	 105334	 4306	 1064
ES514	 37704	 68413	 46160	 7488	 1392	 20938	 1716	 1622	 5186	 551989	 198488	 195922	 190619	 5303	 2566
ES521	 327879	 233464	 4012	 15317	 14953	 2336	 856	 5133	 11045	 1254698	 625416	 621483	 614995	 6488	 3933
ES522	 110846	 86277	 2956	 4382	 3573	 1507	 514	 1254	 4357	 420979	 220181	 218486	 215666	 2820	 1695
ES523	 545280	 388503	 11490	 33043	 21818	 5964	 2237	 7054	 17508	 1916227	 1050853	 1044020	 1032897	 11123	 6833
ES53	 112666	 99574	 9819	 6756	 7126	 7651	 1561	 2657	 4988	 728501	 259694	 257574	 252798	 4776	 2120
ES611	 100267	 79467	 876	 5341	 3290	 364	 91	 592	 3622	 464414	 196491	 195734	 193910	 1824	 757
ES612	 131754	 154896	 5142	 16052	 9664	 805	 393	 1188	 8027	 969341	 332876	 331430	 327921	 3509	 1446
ES613	 116601	 140403	 3378	 20200	 5712	 385	 220	 828	 4933	 646613	 297613	 296196	 292660	 3536	 1417
ES614	 135749	 152777	 1786	 15952	 8296	 658	 194	 990	 5220	 724613	 325898	 324358	 321622	 2736	 1540
ES615	 52559	 80001	 1726	 6258	 2775	 280	 130	 382	 2423	 390483	 149405	 148105	 146534	 1571	 1300
ES616	 105419	 138681	 2324	 13366	 3759	 592	 131	 478	 3412	 531891	 272104	 270649	 268162	 2487	 1455
ES617	 189929	 190825	 3669	 23960	 12966	 1265	 377	 1930	 7770	 1116831	 439035	 437110	 432691	 4419	 1925
ES618	 209836	 328583	 7655	 35787	 20214	 1314	 665	 1887	 10608	 1481503	 627166	 624404	 616549	 7855	 2762
ES620	 288460	 139897	 84	 14024	 13447	 1197	 168	 1870	 5796	 984779	 472261	 468951	 464943	 4008	 3310
ES630	 10952	 6014	 12	 92	 668	 48	 15	 96	 316	 58472	 18505	 18400	 18213	 187	 105
ES640	 9501	 6351	 6	 88	 556	 26	 6	 26	 211	 51660	 17064	 16946	 16771	 175	 118
ES707	 138815	 117719	 25384	 4254	 3883	 1655	 548	 2558	 5531	 778437	 307074	 304721	 300347	 4374	 2353
ES709	 109054	 101249	 70913	 5415	 3373	 1336	 563	 2495	 5175	 781969	 305007	 303113	 299573	 3540	 1894
