FR101	Paris	2004	154309	120694	75032	30931	30792	60153	27179	1761	12428	8329	0	11125	2221	1126	556	1013	4392	289	2	0	101	38	0	0	267	0	0	0	1446	19473	516	9499	130	371	80	0	0	0	0	0	0	1139348	583151	574253	8898	556197
FR102	Seine-et-Marne	2004	70735	46352	30766	37394	20142	17661	15676	1995	10293	4042	0	9275	2534	686	68	1167	5325	501	5	0	65	4	0	0	112	0	0	0	711	10235	347	3120	5	65	0	0	0	0	0	0	0	734931	297619	289281	8338	437312
FR103	Yvelines	2004	85531	80248	59028	29859	30464	24692	14650	1707	8967	4623	0	11453	2749	802	304	1119	5290	435	4	0	46	4	0	0	153	0	0	0	940	16046	376	4733	285	156	30	0	0	0	0	0	0	846096	392605	384694	7911	453491
FR104	Essonne	2004	82457	46424	35475	28135	19498	21808	17863	1694	9663	4584	0	8138	2395	626	90	964	4879	387	0	0	88	3	0	0	159	0	0	0	616	12112	311	4276	15	107	52	0	0	0	0	0	0	692767	310307	302819	7488	382460
FR105	Hauts-de-Seine	2004	90259	80307	60174	26289	23800	26451	20377	1699	8204	5620	0	19922	1987	817	125	968	4044	348	7	0	231	11	0	0	106	0	0	0	942	15280	457	7662	48	180	426	0	0	0	0	0	0	837797	404258	396741	7517	433539
FR106	Seine-Saint-Denis	2004	62254	26531	21654	29194	10560	16390	27660	1853	9207	5672	0	6773	1507	573	91	899	3425	325	25	0	83	33	0	0	279	0	0	0	463	6348	413	9117	0	266	155	0	0	0	0	0	0	640669	247893	241750	6143	392776
FR107	Val-de Marne	2004	76001	47476	35011	25892	16108	22088	26594	1803	8775	5195	0	7504	1766	516	84	818	3858	306	3	0	158	6	0	0	176	0	0	0	624	10379	370	6353	19	175	66	0	0	0	0	0	0	695397	304725	298124	6601	390672
FR108	Val-de Oise	2004	63714	39181	28418	27200	15215	16172	15238	1586	8585	4161	0	8075	1722	612	43	760	3984	375	8	0	61	5	0	0	224	0	0	0	521	8816	340	5277	1	148	44	0	0	0	0	0	0	619688	256838	250486	6352	362850
FR211	Ardennes	2004	23900	11840	7798	9833	3980	3091	3003	774	2250	0	0	1645	731	152	17	497	1199	164	5	0	3	0	0	0	0	0	0	0	0	0	0	0	0	0	0	1468	2776	0	0	0	0	194028	77655	75126	2529	116373
FR212	Aube	2004	20519	17719	8224	12032	5200	3727	2997	620	1742	0	0	1633	1118	199	34	434	1519	158	2	0	4	0	0	0	0	0	0	0	0	0	0	0	0	0	0	1602	2021	0	0	0	0	196070	84184	81504	2680	111886
FR213	Marne	2004	39448	26276	20435	16158	9420	7978	4764	1048	3310	0	0	2970	1300	355	19	705	2352	287	12	0	39	0	0	0	0	0	0	0	0	0	0	0	0	0	0	2922	3452	0	0	0	0	373709	147401	143250	4151	226308
FR214	Haute-Marne	2004	15080	11132	5646	8538	3428	2728	1661	516	1527	0	0	1260	592	164	28	370	1053	114	5	0	18	0	0	0	0	0	0	0	0	0	0	0	0	0	0	1316	1840	0	0	0	0	142032	59644	57016	2628	82388
FR221	Aisne	2004	44541	20584	15860	23671	8781	8137	8699	1887	5175	1432	3492	2826	1713	23	22	0	2801	362	0	0	8	0	0	0	0	0	0	0	0	0	0	0	0	0	0	0	0	0	0	0	20	367852	155378	150034	5344	212474
FR222	Oise	2004	53998	28826	23633	31307	15001	14416	10116	2339	6182	2133	3493	4575	2264	20	66	0	3971	530	0	0	0	0	0	0	0	0	0	0	0	0	0	0	0	0	0	0	0	0	0	0	0	515216	209653	202870	6783	305563
FR223	Somme	2004	48879	16033	25894	21453	14645	9075	13579	2049	5531	1316	9147	2508	1801	38	46	0	3146	356	0	0	14	0	0	0	0	0	0	0	0	0	0	0	0	0	0	0	0	0	0	0	0	400736	182888	175510	7378	217848
FR231	Eure	2004	43285	20700	21717	21404	11655	11121	6344	1579	4663	1596	4651	3209	2194	8	36	0	2867	310	0	0	37	0	0	0	0	0	0	0	0	0	0	0	0	0	0	0	0	0	0	0	0	381024	163253	157376	5877	217771
FR232	Seine-Maritime	2004	115670	44852	41662	37705	18685	25626	22995	3921	11069	3421	7424	6423	3486	160	126	0	5530	663	0	0	19	0	0	0	0	0	0	0	0	0	0	0	0	0	0	0	0	0	0	0	0	842957	361352	349437	11915	481605
FR241	Cher	2004	27366	18279	8795	10705	6467	5258	9123	1120	2715	0	2391	0	1090	181	87	378	1870	264	0	31	20	0	0	0	0	0	0	0	0	0	0	0	0	0	0	0	0	0	0	0	0	227972	99846	96140	3706	128126
FR242	Eure-et-Loir	2004	31432	20890	14154	15902	10462	6773	3658	1319	2814	0	2868	0	1273	155	13	493	2227	266	0	0	19	0	0	0	0	0	0	0	0	0	0	0	0	0	0	0	0	0	0	0	0	279621	118814	114718	4096	160807
FR243	Indre	2004	27175	13177	7022	8493	5808	3786	3884	727	2011	0	2228	0	1085	139	7	286	1509	173	0	1	0	0	0	0	0	0	0	0	0	0	0	0	0	0	0	0	0	0	0	0	0	176472	81507	77511	3996	94965
FR244	Indre-et-Loire	2004	49461	32680	17024	15547	14183	12131	7810	1686	4822	0	3030	0	1776	290	62	612	3084	341	0	0	19	0	0	0	0	0	0	0	0	0	0	0	0	0	0	0	0	0	0	0	0	378853	170058	164558	5500	208795
FR245	Loir-et-Cher	2004	27563	17280	12918	13345	9146	6435	4417	956	2608	0	3036	0	1090	180	9	474	1948	232	0	1	5	0	0	0	0	0	0	0	0	0	0	0	0	0	0	0	0	0	0	0	0	233798	105835	101643	4192	127963
FR246	Loiret	2004	47104	36289	20698	22165	13647	12386	7899	1439	3996	0	4902	0	1890	307	32	782	3496	432	0	0	4	0	0	0	0	0	0	0	0	0	0	0	0	0	0	0	0	0	0	0	0	414027	183375	177468	5907	230652
FR251	Calvados	2004	59391	28427	25788	16897	13735	15900	5715	1912	5054	2005	8866	3671	1971	126	62	0	3455	486	0	0	17	0	0	0	0	0	0	0	0	0	0	0	0	0	0	0	0	0	0	0	0	459099	199318	193478	5840	259781
FR252	Manche	2004	39688	26171	18769	14012	10022	9292	3460	1404	4007	1354	7095	3803	1757	37	21	0	2601	333	0	0	8	0	0	0	0	0	0	0	0	0	0	0	0	0	0	0	0	0	0	0	0	360120	149330	143834	5496	210790
FR253	Orne	2004	22700	15211	11486	10508	9171	6135	2024	1014	2300	737	2595	2549	1112	16	24	0	1590	215	0	0	3	0	0	0	0	0	0	0	0	0	0	0	0	0	0	0	0	0	0	0	0	214099	92982	89390	3592	121117
FR261	Côte-d'Or	2004	45201	24436	17913	14731	9306	9378	4015	1006	3087	0	0	2858	1324	404	149	671	2160	183	1	0	21	0	0	0	0	0	0	0	0	0	0	0	0	0	0	3057	2463	0	0	0	0	333693	146698	142364	4334	186995
FR262	Nièvre	2004	27401	10267	6381	7111	3683	3073	4770	640	1990	0	0	1348	734	170	43	323	1181	117	0	0	53	0	0	0	0	0	0	0	0	0	0	0	0	0	0	1337	1823	0	0	0	0	169295	75158	72445	2713	94137
FR263	Saône-et-Loire	2004	53836	26643	16873	15996	9957	8503	6848	1373	3814	0	0	3859	1575	390	49	905	2650	266	23	0	16	0	0	0	0	0	0	0	0	0	0	0	0	0	0	2071	2995	0	0	0	0	400221	165406	158642	6764	234815
FR264	Yonne	2004	26294	16638	10326	13214	7659	5417	4200	935	2471	0	0	2602	1072	264	30	606	1930	176	1	0	10	0	0	0	0	0	0	0	0	0	0	0	0	0	0	2142	2257	0	0	0	0	237404	102171	98244	3927	135233
FR301	Nord	2004	205741	94366	71789	96090	32120	50441	57378	7768	18251	5347	13824	12749	6268	196	272	0	10914	1509	0	0	97	0	0	0	0	0	0	0	0	0	0	0	0	0	0	0	0	0	0	0	26	1740899	707936	685146	22790	1032963
FR302	Pas-de-Calais	2004	138412	48193	35568	58284	19489	25853	44795	6470	12374	4102	15417	7299	4255	145	132	0	7382	1121	0	0	17	0	0	0	0	0	0	0	0	0	0	0	0	0	0	0	0	0	0	0	0	1058256	448426	429308	19118	609830
FR411	Meurthe-et-Moselle	2004	60234	28003	22081	19507	11129	12190	8679	1613	5755	0	0	3122	1741	514	1	1221	3374	4	21	0	16	0	0	0	0	0	0	0	0	0	0	0	0	0	0	4109	3978	0	0	0	0	475140	193156	187292	5864	281984
FR412	Meuse	2004	16266	8591	7563	7835	3884	3117	1326	508	1397	0	0	1163	618	145	23	392	1120	156	4	0	3	0	0	0	0	0	0	0	0	0	0	0	0	0	0	1346	2143	0	0	0	0	139253	60113	57600	2513	79140
FR413	Moselle	2004	67906	32133	39929	30644	12034	17603	5638	2658	6637	0	0	5594	2523	136	20	2211	4687	569	9	0	28	0	0	0	0	0	0	0	0	0	0	0	0	0	0	6319	7206	0	0	0	0	725820	253162	244484	8678	472658
FR414	Vosges	2004	33900	21695	12629	15805	7051	6279	2421	1232	3329	0	0	1960	1224	67	19	688	2432	329	0	0	13	0	0	0	0	0	0	0	0	0	0	0	0	0	0	2903	3686	0	0	0	0	285406	123409	117662	5747	161997
FR421	Bas-Rhin	2004	56000	60215	39720	32844	10452	22373	2681	1705	4545	0	0	4685	2350	813	41	1713	5148	429	3	0	41	0	0	0	0	0	0	0	0	0	0	0	0	0	0	11054	4302	0	0	0	0	690117	269193	261114	8079	420924
FR422	Haut-Rhin	2004	38027	33714	26445	25814	8872	14800	2367	1270	3504	0	0	4337	1904	572	74	1473	3673	325	9	0	60	0	0	0	0	0	0	0	0	0	0	0	0	0	0	11356	3119	0	0	0	0	490802	188215	181715	6500	302587
FR431	Doubs	2004	48848	28636	15858	16103	9406	9862	3239	979	3659	0	0	2250	1094	400	13	664	2144	68	0	0	90	0	0	0	0	0	0	0	0	0	0	0	0	0	0	3299	3125	0	0	0	0	338510	154833	149737	5096	183677
FR432	Jura	2004	23079	13302	7852	8657	8183	5644	2967	692	1999	0	0	1222	697	240	15	388	1328	101	1	0	11	0	0	0	0	0	0	0	0	0	0	0	0	0	0	2306	1867	0	0	0	0	181993	83529	80551	2978	98464
FR433	Haute-Saône	2004	24434	13887	6869	10925	5066	3801	1945	547	2159	0	0	1271	696	227	14	446	1357	30	0	0	9	0	0	0	0	0	0	0	0	0	0	0	0	0	0	1838	2428	0	0	0	0	176096	81718	77949	3769	94378
FR434	Territoire de Belfort	2004	11612	6797	3349	5089	2207	2626	1291	319	1250	0	0	495	264	130	5	197	725	7	0	0	15	0	0	0	0	0	0	0	0	0	0	0	0	0	0	1000	888	0	0	0	0	89954	39852	38266	1586	50102
FR511	Loire-Atlantique	2004	125095	44134	38943	17883	43677	34436	14011	2260	9000	6952	8330	0	2561	578	331	0	4413	342	4	7	84	0	0	0	0	0	232	23628	0	0	0	0	0	0	0	0	0	0	0	0	0	840914	386245	376901	9344	454669
FR512	Maine-et-Loire	2004	57133	44854	29157	12366	29213	17126	6705	1669	4834	3206	3835	0	1808	433	19	0	3284	282	2	0	22	0	0	0	0	0	2	4658	0	0	0	0	0	0	0	0	0	0	0	0	0	518796	229110	220608	8502	289686
FR513	Mayenne	2004	22420	12275	15008	4666	11935	6575	2329	837	1875	1326	1367	0	1067	150	161	0	385	148	1	2	5	0	0	0	0	0	0	4143	0	0	0	0	0	0	0	0	0	0	0	0	0	215031	91531	86675	4856	123500
FR514	Sarthe	2004	44927	23275	14498	12257	19462	10491	8169	1471	4385	2230	2385	0	1462	364	260	0	2443	226	2	0	8	0	0	0	0	0	5	3390	0	0	0	0	0	0	0	0	0	0	0	0	0	387777	158616	151710	6906	229161
FR515	Vendée	2004	44388	17042	16601	7724	74920	10295	4959	974	3012	2603	4342	0	1093	347	160	0	2299	152	9	0	16	0	0	0	0	0	41	3000	0	0	0	0	0	0	0	0	0	0	0	0	0	438950	200579	193977	6602	238371
FR521	Côtes-d'Armor	2004	67739	24055	28556	11032	13680	15941	14398	1619	5139	6087	2169	0	1272	559	227	0	2683	208	0	1	16	0	0	0	0	0	38	7507	0	0	0	0	0	0	0	0	0	0	0	0	0	432540	209002	202926	6076	223538
FR522	Finistère	2004	103855	47255	36941	11318	19072	22630	11113	1725	6080	10953	3038	0	1830	514	35	0	3346	361	6	22	169	0	0	0	0	0	14	7055	0	0	0	0	0	0	0	0	0	0	0	0	0	641172	293695	287332	6363	347477
FR523	Ille-et-Vilaine	2004	88060	37338	41617	14179	23305	26931	9062	2059	6979	8083	4203	0	2039	560	22	0	3714	376	7	9	37	0	0	0	0	0	371	9885	0	0	0	0	0	0	0	0	0	0	0	0	0	626505	287129	278836	8293	339376
FR524	Morbihan	2004	66045	33886	29602	16059	21931	16513	9877	1620	4850	7202	3963	0	1816	491	316	0	3164	288	36	21	49	0	0	0	0	0	51	7507	0	0	0	0	0	0	0	0	0	0	0	0	0	509024	232657	225287	7370	276367
FR531	Charente	2004	39158	16983	9531	8628	10229	6178	5833	746	2848	1144	3322	0	900	163	15	0	1549	153	1	1	4	0	0	0	0	0	8	1643	0	0	0	0	0	0	0	0	0	0	0	0	0	255516	113628	109037	4591	141888
FR532	Charente Maritime	2004	53592	30234	16720	14422	21174	11448	8310	1398	4046	3684	7426	0	1398	291	324	0	2671	219	8	3	24	0	0	0	0	0	42	3194	0	0	0	0	0	0	0	0	0	0	0	0	0	425036	186412	180628	5784	238624
FR533	Deux-Sèvres	2004	35981	20846	9433	4654	15744	7482	3601	943	2429	1174	2407	0	871	210	4	0	1850	170	0	0	4	0	0	0	0	0	7	2250	0	0	0	0	0	0	0	0	0	0	0	0	0	263403	114914	110060	4854	148489
FR534	Vienne	2004	40795	25805	11358	8306	11129	9494	6256	1047	3323	1328	4039	0	957	252	19	0	1990	202	3	0	8	0	0	0	0	0	22	1671	0	0	0	0	0	0	0	0	0	0	0	0	0	289798	134027	128004	6023	155771
FR611	Dordogne	2004	42259	23186	16514	10538	8035	10388	13540	1203	3697	0	4998	3003	1306	390	31	406	2767	223	0	0	1	0	332	1	0	0	2	0	0	0	0	0	0	0	0	0	0	0	0	0	0	304398	151242	142820	8422	153156
FR612	Gironde	2004	117956	61437	50358	30363	17367	34446	20307	3159	9623	0	14825	6199	3149	79	51	1071	5784	566	3	2	14	4	1204	16	395	0	28	0	0	0	0	0	0	0	0	0	0	0	0	0	0	886427	390832	378406	12426	495595
FR613	Landes	2004	42379	18724	15771	6532	4546	6428	7346	837	2377	0	7240	1770	1109	7	8	300	1809	217	2	0	6	0	573	14	0	0	9	0	0	0	0	0	0	0	0	0	0	0	0	0	0	265674	123281	118004	5277	142393
FR614	Lot-et-Garonne	2004	27253	13682	16202	12325	6125	6856	6641	885	2391	0	4463	2115	991	35	16	391	1907	211	0	1	2	0	397	3	0	1	7	0	0	0	0	0	0	0	0	0	0	0	0	0	0	231470	108069	102900	5169	123401
FR615	Pyrénées-Atlantiques	2004	60343	35589	37562	10334	7060	16025	8367	1575	4091	0	7038	2915	1542	434	8	463	2864	267	13	0	7	1	197	5139	0	0	3	0	0	0	0	0	0	0	0	0	0	0	0	0	0	460320	209411	201837	7574	250909
FR621	Ariège	2004	20417	5509	4535	3842	1485	4335	3935	421	1503	0	2171	872	367	34	2	140	877	75	0	1	1	0	122	2	0	1	10	0	0	0	0	0	0	0	0	0	0	0	0	0	0	110116	53138	50657	2481	56978
FR622	Aveyron	2004	28570	17730	16759	5634	4633	7478	4252	800	2329	0	3594	2789	901	12	0	296	1979	5	0	0	0	0	354	1	0	0	0	0	0	0	0	0	0	0	0	0	0	0	0	0	0	214804	104239	98116	6123	110565
FR623	Haute-Garonne	2004	116183	44173	42520	24888	12463	35883	16438	2451	8591	0	5477	5981	2233	754	35	831	4862	401	38	3	22	34	1132	4	0	2	16	0	0	0	0	0	0	0	0	0	0	0	0	0	0	733384	336870	325415	11455	396514
FR624	Gers	2004	21846	9056	8371	4352	3475	4509	3355	527	1422	0	2864	1377	485	5	7	194	1065	126	1	0	6	0	309	7	0	0	189	0	0	0	0	0	0	0	0	0	0	0	0	0	0	137606	67011	63548	3463	70595
FR625	Lot	2004	20897	9319	7611	3591	2772	5433	4170	541	1757	0	2610	1396	580	4	10	173	1225	93	0	0	0	1	206	2	0	0	15	0	0	0	0	0	0	0	0	0	0	0	0	0	0	129883	66082	62406	3676	63801
FR626	Hautes-Pyrénées	2004	25769	10223	10511	4368	2848	5154	6455	679	2266	0	3005	1134	598	164	7	199	1148	126	4	1	7	0	393	3	9	0	5	0	0	0	0	0	0	0	0	0	0	0	0	0	0	171066	78659	75076	3583	92407
FR627	Tarn	2004	39480	18046	18543	10968	6101	10160	6506	1137	2933	0	3758	2912	1081	15	4	439	2459	234	4	1	5	0	457	20	8	2	60	0	0	0	0	0	0	0	0	0	0	0	0	0	0	265044	132572	125333	7239	132472
FR628	Tarn-et-Garonne	2004	19550	10873	8725	7457	3363	5319	3428	569	1725	0	3324	1773	695	204	0	318	1549	97	0	0	3	0	259	14	6	0	9	0	0	0	0	0	0	0	0	0	0	0	0	0	0	156940	73131	69260	3871	83809
FR631	Corrèze	2004	31480	23713	6083	5366	3813	4204	8571	631	2276	0	2456	0	773	121	4	238	1423	14	0	0	3	0	0	0	0	0	0	0	0	0	0	0	0	0	0	0	0	0	0	0	0	188148	95623	91169	4454	92525
FR632	Creuse	2004	15475	8730	2990	3104	2702	2295	2915	292	1313	0	1601	0	392	47	0	101	710	80	0	0	1	0	0	0	0	0	0	0	0	0	0	0	0	0	0	0	0	0	0	0	0	100725	44731	42748	1983	55994
FR633	Haute-Vienne	2004	49162	20573	8642	8934	5976	8450	9555	921	4336	0	3160	0	991	156	12	334	2045	212	0	2	2	0	0	0	0	0	0	0	0	0	0	0	0	0	0	0	0	0	0	0	0	260805	129715	123463	6252	131090
FR711	Ain	2004	37456	22801	16870	15416	9867	10575	4244	798	3077	0	2816	2651	1367	270	41	602	2424	244	0	1	8	0	0	0	0	0	0	0	0	0	0	0	0	0	0	0	0	0	0	0	0	347353	136079	131528	4551	211274
FR712	Ardèche	2004	30897	14806	12630	9328	5292	7367	6139	650	2988	0	4305	1994	915	221	12	255	1784	148	0	1	1	0	0	0	22	0	0	0	0	0	0	0	0	0	0	0	0	0	0	0	0	224491	103462	99755	3707	121029
FR713	Drôme	2004	41409	18149	20510	14832	7852	12139	6187	852	3637	0	4094	2230	1183	417	16	381	2333	203	0	5	6	0	0	0	311	0	8	0	0	0	0	0	0	0	0	0	0	0	0	5	0	317887	141084	136759	4325	176803
FR714	Isère	2004	97469	43818	34324	27654	15246	30358	15022	1992	9052	0	3913	4846	2615	161	67	959	4580	416	0	7	17	0	0	0	11	0	45	0	0	0	0	0	0	0	0	0	0	0	0	10	0	730711	299776	292582	7194	430935
FR715	Loire	2004	57229	37267	21785	21138	11489	13532	8993	1497	5039	0	2741	3698	1843	86	0	811	3153	0	0	1	3	0	0	0	38	0	0	0	0	0	0	0	0	0	0	0	0	0	0	0	0	487900	196330	190343	5987	291570
FR716	Rôhne	2004	112494	73032	58551	39701	27335	36411	14744	2131	8242	0	3010	6532	3457	91	59	1295	6023	552	0	0	26	0	0	0	307	0	0	0	0	0	0	0	0	0	0	0	0	0	0	0	0	942213	401665	393993	7672	540548
FR717	Savoie	2004	31028	21597	12782	10402	5767	10604	4993	686	2715	0	1355	1666	929	344	29	307	2099	173	0	0	0	0	0	0	0	0	0	0	0	0	0	0	0	0	0	0	0	0	0	437	0	270744	111113	107913	3200	159631
FR718	Haute-Savoie	2004	41492	33074	25349	17783	11077	17379	4237	970	3395	0	1939	2903	1884	458	28	632	3465	291	0	0	8	0	0	0	39	0	19	0	0	0	0	0	0	0	0	0	0	0	0	687	0	437469	171935	167109	4826	265534
FR721	Allier	2004	31562	21519	10465	9303	6893	5855	14349	1029	2694	0	2131	0	1536	178	14	450	2050	243	0	1	1	0	0	0	0	0	0	0	0	0	0	0	0	0	0	0	0	0	0	0	0	255371	115550	110273	5277	139821
FR722	Cantal	2004	14568	14693	5301	2848	2243	2767	2210	444	580	0	1955	0	462	44	2	143	949	95	0	1	1	0	0	0	0	0	0	0	0	0	0	0	0	0	0	0	0	0	0	0	0	123558	51539	49306	2233	72019
FR723	Haute-Loire	2004	19785	18479	7451	7422	3698	4921	2739	744	1936	0	1358	0	780	105	15	341	1240	148	0	2	8	0	0	0	0	0	0	0	0	0	0	0	0	0	0	0	0	0	0	0	0	168410	74881	71172	3709	93529
FR724	Puy-de-Dôme	2004	68116	40782	18804	12796	8229	13189	10524	1500	5959	0	2880	0	1892	256	37	811	3467	301	0	88	19	0	0	0	0	0	0	0	0	0	0	0	0	0	0	0	0	0	0	0	0	431294	196857	189650	7207	234437
FR811	Aude	2004	38792	14789	9145	11699	4822	7256	8398	919	3332	0	3617	2448	906	57	15	458	1946	118	0	0	0	5	633	17	0	0	50	0	0	0	0	0	0	0	0	0	0	0	0	0	0	242720	115332	109422	5910	127388
FR812	Gard	2004	44239	27496	22326	24877	9668	14128	18464	1680	5268	0	5058	4835	1425	496	9	825	3093	255	0	0	6	1	784	10	0	0	46	0	0	0	0	0	0	0	0	0	0	0	0	0	0	455192	194038	184989	9049	261154
FR813	Hérault	2004	72569	38893	30996	32655	14251	25268	20452	2246	7810	0	8332	6093	2061	644	6	1108	4106	323	0	0	3	0	1009	4	0	0	41	0	0	0	0	0	0	0	0	0	0	0	0	0	0	655213	279131	268870	10261	376082
FR814	Lozère	2004	5879	6053	4577	1760	1289	2066	1513	180	694	0	910	873	204	16	0	74	477	37	0	0	0	0	81	1	0	0	0	0	0	0	0	0	0	0	0	0	0	0	0	0	0	59186	28019	26684	1335	31167
FR815	Pyrénées-Orientales	2004	33297	17940	12703	14580	5851	8486	9288	950	3256	0	3318	3351	929	312	2	444	2081	154	3	0	12	48	808	3	0	154	0	0	0	0	0	0	0	0	0	0	0	0	0	0	0	296164	123267	117970	5297	172897
FR821	Alpes-de Haute-Provence	2004	15569	9174	4250	5266	2711	3914	3405	415	1538	0	1960	1222	442	16	5	470	968	75	0	0	2	0	0	0	0	0	0	0	0	0	0	0	0	0	0	0	0	0	0	0	0	112613	53421	51402	2019	59192
FR822	Haute Alpes	2004	13642	7393	5041	3691	2213	3816	2064	217	1241	0	1617	837	532	25	0	389	736	55	0	0	0	0	0	0	0	0	0	0	0	0	0	0	0	0	0	0	0	0	0	0	0	97709	45270	43509	1761	52439
FR823	Alpes-Maritimes	2004	64282	55264	28837	37248	17378	16200	11415	1078	4222	0	2550	6936	2051	70	112	2208	4431	257	0	8	30	0	0	0	65	0	13	0	0	0	0	0	0	0	0	0	0	0	0	15	0	677404	260501	254670	5831	416903
FR824	Bouches-du-Rôhne	2004	129236	68609	41909	64475	23591	31469	34073	2813	11037	0	8676	10004	3095	123	74	6052	6083	633	0	1	58	0	0	0	10	0	46	0	0	0	0	0	0	0	0	0	0	0	0	8	0	1179518	454483	442075	12408	725035
FR825	Var	2004	65401	48837	26966	38989	20142	14014	11752	1482	5098	0	6103	7729	2143	75	64	2408	4235	318	0	10	14	0	0	0	132	0	1	0	0	0	0	0	0	0	0	0	0	0	0	3	0	667831	262872	255916	6956	404959
FR826	Vaucluse	2004	40025	22384	14016	26448	8602	10027	6700	884	3507	0	3806	3501	1348	157	28	1511	2438	190	0	2	25	0	0	0	0	0	0	0	0	0	0	0	0	0	0	0	0	0	0	0	0	350744	150570	145599	4971	200174
FR831	Corse-du-Sud	2004	5800	6351	1439	2462	808	1897	2862	78	381	0	401	1132	94	1	2	63	260	61	0	1	8	0	0	0	0	0	0	0	0	0	0	0	0	0	0	0	0	0	0	1	0	88535	24599	24102	497	63936
FR832	Haute-Corse	2004	8490	7422	1539	2064	677	1648	3254	101	456	0	583	2236	122	25	6	90	307	12	0	0	1	0	0	0	0	0	3	0	0	0	0	0	0	0	0	0	0	0	0	2	0	107565	29646	29038	608	77919
FR910	Gaudeloupe	2004	2654	6173	2300	716	0	19430	0	0	834	0	0	730	312	0	0	0	13	199	12	3	30	0	0	0	0	0	0	0	0	0	0	0	0	0	0	0	0	7582	34	0	0	289620	44857	41022	3835	244763
FR920	Martinique	2004	3443	3502	16963	541	0	1267	0	0	3196	0	0	622	410	0	0	0	0	0	9	0	19	0	0	0	0	0	0	0	0	0	0	0	0	0	0	0	0	14963	0	0	0	272021	48819	44935	3884	223202
FR930	Guyane	2004	930	1935	410	362	0	2298	0	0	166	0	0	185	94	0	0	0	0	33	0	0	4	0	0	0	0	0	0	0	0	0	0	0	0	0	0	0	0	841	0	0	0	53804	7743	7258	485	46061
FR940	Réunion	2004	45239	40801	7389	2926	0	4556	0	0	2104	0	0	17	1551	0	0	0	97	401	0	0	23	0	0	0	0	0	0	0	0	0	0	0	0	0	0	0	0	66550	2606	0	0	464355	185776	174260	11516	278579
FRX10	Sainte Pierre et Miquelon	2004	159	177	91	65	0	243	0	0	34	0	0	0	8	0	0	0	0	0	0	0	1	0	0	0	0	0	0	0	0	0	0	0	0	0	0	0	0	49	0	0	0	4816	879	827	52	3937
FRX20	Mayotte	2004	2276	4576	2408	555	0	465	0	0	262	0	0	0	369	0	0	0	0	243	0	7	0	0	0	0	0	0	0	0	0	0	0	0	0	0	0	0	0	3071	0	0	0	55504	15269	14232	1037	40235
FRX30	Wallis et Futuna	2004	1791	1476	662	103	0	70	0	0	80	0	0	0	0	0	0	0	0	56	0	0	0	0	0	0	0	0	0	0	0	0	0	0	0	0	0	0	0	75	0	0	0	10128	4362	4313	49	5766
FRX40	Polynesie Francaise	2004	10111	26405	4531	758	0	1867	0	0	265	0	0	321	670	0	0	0	23	0	6	0	5	0	0	0	0	0	0	0	0	0	0	0	0	0	0	0	0	15249	40	0	0	152631	60829	60251	578	91802
FRX50	Nouvelle Caledonie	2004	5586	11058	4753	4814	0	2554	0	0	480	0	0	1295	612	0	0	0	33	248	0	1	74	0	0	0	0	0	0	0	0	0	0	0	0	0	0	0	0	1041	0	0	0	132569	33696	32549	1147	98873
FR10	Île de France	2004	685260	487213	345558	234894	166579	205415	165237	14098	76122	42226	0	82265	16881	5758	1361	7708	35197	2966	54	0	833	104	0	0	1476	0	0	0	6263	98689	3130	50037	503	1468	853	0	0	0	0	0	0	6206693	2797396	2738148	59248	3409297
FR21	Champagne-Ardenne	2004	98947	66967	42103	46561	22028	17524	12425	2958	8829	0	0	7508	3741	870	98	2006	6123	723	24	0	64	0	0	0	0	0	0	0	0	0	0	0	0	0	0	7308	10089	0	0	0	0	905839	368884	356896	11988	536955
FR22	Picardie	2004	147418	65443	65387	76431	38427	31628	32394	6275	16888	4881	16132	9909	5778	81	134	0	9918	1248	0	0	22	0	0	0	0	0	0	0	0	0	0	0	0	0	0	0	0	0	0	0	20	1283804	547919	528414	19505	735885
FR23	Haute-Normandie	2004	158955	65552	63379	59109	30340	36747	29339	5500	15732	5017	12075	9632	5680	168	162	0	8397	973	0	0	56	0	0	0	0	0	0	0	0	0	0	0	0	0	0	0	0	0	0	0	0	1223981	524605	506813	17792	699376
FR24	Centre	2004	210101	138595	80611	86157	59713	46769	36791	7247	18966	0	18455	0	8204	1252	210	3025	14134	1708	0	33	67	0	0	0	0	0	0	0	0	0	0	0	0	0	0	0	0	0	0	0	0	1710743	759435	732038	27397	951308
FR25	Basse-Normandie	2004	121779	69809	56043	41417	32928	31327	11199	4330	11361	4096	18556	10023	4840	179	107	0	7646	1034	0	0	28	0	0	0	0	0	0	0	0	0	0	0	0	0	0	0	0	0	0	0	0	1033318	441630	426702	14928	591688
FR26	Bourgogne	2004	152732	77984	51493	51052	30605	26371	19833	3954	11362	0	0	10667	4705	1228	271	2505	7921	742	25	0	100	0	0	0	0	0	0	0	0	0	0	0	0	0	0	8607	9538	0	0	0	0	1140613	489433	471695	17738	651180
FR30	Nord - Pas-de-Calais	2004	344153	142559	107357	154374	51609	76294	102173	14238	30625	9449	29241	20048	10523	341	404	0	18296	2630	0	0	114	0	0	0	0	0	0	0	0	0	0	0	0	0	0	0	0	0	0	0	26	2799155	1156362	1114454	41908	1642793
FR41	Lorraine	2004	178306	90422	82202	73791	34098	39189	18064	6011	17118	0	0	11839	6106	862	63	4512	11613	1058	34	0	60	0	0	0	0	0	0	0	0	0	0	0	0	0	0	14677	17013	0	0	0	0	1625619	629840	607038	22802	995779
FR42	Alsace	2004	94027	93929	66165	58658	19324	37173	5048	2975	8049	0	0	9022	4254	1385	115	3186	8821	754	12	0	101	0	0	0	0	0	0	0	0	0	0	0	0	0	0	22410	7421	0	0	0	0	1180919	457408	442829	14579	723511
FR43	Franche-Comté	2004	107973	62622	33928	40774	24862	21933	9442	2537	9067	0	0	5238	2751	997	47	1695	5554	206	1	0	125	0	0	0	0	0	0	0	0	0	0	0	0	0	0	8443	8308	0	0	0	0	786553	359932	346503	13429	426621
FR51	Pays de la Loire	2004	293963	141580	114207	54896	179207	78923	36173	7211	23106	16317	20259	0	7991	1872	931	0	12824	1150	18	9	135	0	0	0	0	0	280	38819	0	0	0	0	0	0	0	0	0	0	0	0	0	2401468	1066081	1029871	36210	1335387
FR52	Bretagne	2004	325699	142534	136716	52588	77988	82015	44450	7023	23048	32325	13373	0	6957	2124	600	0	12907	1233	49	53	271	0	0	0	0	0	474	31954	0	0	0	0	0	0	0	0	0	0	0	0	0	2209241	1022483	994381	28102	1186758
FR53	Poitou-Charentes	2004	169526	93868	47042	36010	58276	34602	24000	4134	12646	7330	17194	0	4126	916	362	0	8060	744	12	4	40	0	0	0	0	0	79	8758	0	0	0	0	0	0	0	0	0	0	0	0	0	1233753	548981	527729	21252	684772
FR61	Aquitaine	2004	290190	152618	136407	70092	43133	74143	56201	7659	22179	0	38564	16002	8097	945	114	2631	15131	1484	18	3	30	5	2703	5173	395	1	49	0	0	0	0	0	0	0	0	0	0	0	0	0	0	2148289	982835	943967	38868	1165454
FR62	Midi-Pyrénées	2004	292712	124929	117575	65100	37140	78271	48539	7125	22526	0	26803	18234	6940	1192	65	2590	15164	1157	47	6	44	35	3232	53	23	5	304	0	0	0	0	0	0	0	0	0	0	0	0	0	0	1918843	911702	869811	41891	1007141
FR63	Limousin	2004	96117	53016	17715	17404	12491	14949	21041	1844	7925	0	7217	0	2156	324	16	673	4178	306	0	2	6	0	0	0	0	0	0	0	0	0	0	0	0	0	0	0	0	0	0	0	0	549678	270069	257380	12689	279609
FR71	Rhône-Alpes	2004	449474	264544	202801	156254	93925	138365	64559	9576	38145	0	24173	26520	14193	2048	252	5242	25861	2027	0	15	69	0	0	0	728	0	72	0	0	0	0	0	0	0	0	0	0	0	0	1139	0	3758768	1561444	1519982	41462	2197324
FR72	Auvergne	2004	134031	95473	42021	32369	21063	26732	29822	3717	11169	0	8324	0	4670	583	68	1745	7706	787	0	92	29	0	0	0	0	0	0	0	0	0	0	0	0	0	0	0	0	0	0	0	0	978633	438827	420401	18426	539806
FR81	Languedoc-Roussillon	2004	194776	105171	79747	85571	35881	57204	58115	5975	20360	0	21235	17600	5525	1525	32	2909	11703	887	3	0	21	54	3315	35	0	154	137	0	0	0	0	0	0	0	0	0	0	0	0	0	0	1708475	739787	707935	31852	968688
FR82	Provence-Alpes-Côte d'Azur	2004	328155	211661	121019	176117	74637	79440	69409	6889	26643	0	24712	30229	9611	466	283	13038	18891	1528	0	21	129	0	0	0	207	0	60	0	0	0	0	0	0	0	0	0	0	0	0	26	0	3085819	1227117	1193171	33946	1858702
FR83	Corse	2004	14290	13773	2978	4526	1485	3545	6116	179	837	0	984	3368	216	26	8	153	567	73	0	1	9	0	0	0	0	0	3	0	0	0	0	0	0	0	0	0	0	0	0	3	0	196100	54245	53140	1105	141855
FR91	Gaudeloupe	2004	2654	6173	2300	716	0	19430	0	0	834	0	0	730	312	0	0	0	13	199	12	3	30	0	0	0	0	0	0	0	0	0	0	0	0	0	0	0	0	7582	34	0	0	289620	44857	41022	3835	244763
FR92	Martinique	2004	3443	3502	16963	541	0	1267	0	0	3196	0	0	622	410	0	0	0	0	0	9	0	19	0	0	0	0	0	0	0	0	0	0	0	0	0	0	0	0	14963	0	0	0	272021	48819	44935	3884	223202
FR93	Guyane	2004	930	1935	410	362	0	2298	0	0	166	0	0	185	94	0	0	0	0	33	0	0	4	0	0	0	0	0	0	0	0	0	0	0	0	0	0	0	0	841	0	0	0	53804	7743	7258	485	46061
FR94	Réunion	2004	45239	40801	7389	2926	0	4556	0	0	2104	0	0	17	1551	0	0	0	97	401	0	0	23	0	0	0	0	0	0	0	0	0	0	0	0	0	0	0	0	66550	2606	0	0	464355	185776	174260	11516	278579
FRX1	Sainte Pierre et Miquelon	2004	159	177	91	65	0	243	0	0	34	0	0	0	8	0	0	0	0	0	0	0	1	0	0	0	0	0	0	0	0	0	0	0	0	0	0	0	0	49	0	0	0	4816	879	827	52	3937
FRX2	Mayotte	2004	2276	4576	2408	555	0	465	0	0	262	0	0	0	369	0	0	0	0	243	0	7	0	0	0	0	0	0	0	0	0	0	0	0	0	0	0	0	0	3071	0	0	0	55504	15269	14232	1037	40235
FRX3	Wallis et Futuna	2004	1791	1476	662	103	0	70	0	0	80	0	0	0	0	0	0	0	0	56	0	0	0	0	0	0	0	0	0	0	0	0	0	0	0	0	0	0	0	75	0	0	0	10128	4362	4313	49	5766
FRX4	Polynesie Francaise	2004	10111	26405	4531	758	0	1867	0	0	265	0	0	321	670	0	0	0	23	0	6	0	5	0	0	0	0	0	0	0	0	0	0	0	0	0	0	0	0	15249	40	0	0	152631	60829	60251	578	91802
FRX5	Nouvelle Caledonie	2004	5586	11058	4753	4814	0	2554	0	0	480	0	0	1295	612	0	0	0	33	248	0	1	74	0	0	0	0	0	0	0	0	0	0	0	0	0	0	0	0	1041	0	0	0	132569	33696	32549	1147	98873
FR1	ÎLE DE FRANCE	2004	685260	487213	345558	234894	166579	205415	165237	14098	76122	42226	0	82265	16881	5758	1361	7708	35197	2966	54	0	833	104	0	0	1476	0	0	0	6263	98689	3130	50037	503	1468	853	0	0	0	0	0	0	6206693	2797396	2738148	59248	3409297
FR2	BASSIN PARISIEN	2004	889932	484350	359016	360727	214041	190366	141981	30264	83138	13994	65218	47739	32948	3778	982	7536	54139	6428	49	33	337	0	0	0	0	0	0	0	0	0	0	0	0	0	0	15915	19627	0	0	0	20	7298298	3131906	3022558	109348	4166392
FR3	NORD - PAS-DE-CALAIS	2004	344153	142559	107357	154374	51609	76294	102173	14238	30625	9449	29241	20048	10523	341	404	0	18296	2630	0	0	114	0	0	0	0	0	0	0	0	0	0	0	0	0	0	0	0	0	0	0	26	2799155	1156362	1114454	41908	1642793
FR4	EST	2004	380306	246973	182295	173223	78284	98295	32554	11523	34234	0	0	26099	13111	3244	225	9393	25988	2018	47	0	286	0	0	0	0	0	0	0	0	0	0	0	0	0	0	45530	32742	0	0	0	0	3593091	1447180	1396370	50810	2145911
FR5	OUEST	2004	789188	377982	297965	143494	315471	195540	104623	18368	58800	55972	50826	0	19074	4912	1893	0	33791	3127	79	66	446	0	0	0	0	0	833	79531	0	0	0	0	0	0	0	0	0	0	0	0	0	5844462	2637545	2551981	85564	3206917
FR6	SUD-OUEST	2004	679019	330563	271697	152596	92764	167363	125781	16628	52630	0	72584	34236	17193	2461	195	5894	34473	2947	65	11	80	40	5935	5226	418	6	353	0	0	0	0	0	0	0	0	0	0	0	0	0	0	4616810	2164606	2071158	93448	2452204
FR7	CENTRE-EST	2004	583505	360017	244822	188623	114988	165097	94381	13293	49314	0	32497	26520	18863	2631	320	6987	33567	2814	0	107	98	0	0	0	728	0	72	0	0	0	0	0	0	0	0	0	0	0	0	1139	0	4737401	2000271	1940383	59888	2737130
FR8	MÉDITERRANÉE	2004	537221	330605	203744	266214	112003	140189	133640	13043	47840	0	46931	51197	15352	2017	323	16100	31161	2488	3	22	159	54	3315	35	207	154	200	0	0	0	0	0	0	0	0	0	0	0	0	29	0	4990394	2021149	1954246	66903	2969245
FR9	DÉPARTMENTS D'OUTRE-MER	2004	52266	52411	27062	4545	0	27551	0	0	6300	0	0	1554	2367	0	0	0	110	633	21	3	76	0	0	0	0	0	0	0	0	0	0	0	0	0	0	0	0	89936	2640	0	0	1079800	287195	267475	19720	792605
FRX	OTHER AREAS	2004	19923	43692	12445	6295	0	5199	0	0	1121	0	0	1616	1659	0	0	0	56	547	6	8	80	0	0	0	0	0	0	0	0	0	0	0	0	0	0	0	0	19485	40	0	0	355648	115035	112172	2863	240613
FR	FRANCE	2004	4960773	2856365	2051961	1684985	1145739	1271309	900370	131455	440124	121641	297297	291274	147971	25142	5703	53618	266778	26598	324	250	2509	198	9250	5261	2829	160	1458	79531	6263	98689	3130	50037	503	1468	853	61445	52369	109421	2680	1168	46	41521752	17758645	17168945	589700	23763107
