FR711	Ain	1999	5855	6331	26899	12810	1959	46	9996	980	0	486	2254	0	26	1283	0	15435	12383	19642	7581	5349	323135	137438	129315	8123	185697
FR221	Aisne	1999	11397	13264	36395	11103	2659	30	15118	1937	0	953	3250	17	3	1139	0	19262	11187	19713	14184	5393	367488	178713	167004	11709	188775
FR721	Allier	1999	5372	17325	25085	8198	1433	24	4192	1125	0	601	2232	0	6	124	0	14202	10505	14635	4920	2519	258481	122608	112498	10110	135873
FR821	Alpes-de Haute-Provence	1999	2605	4266	10190	4965	857	0	5427	448	0	211	858	0	8	403	0	5268	3295	7453	2531	1959	104846	54348	50744	3604	50498
FR822	Haute Alpes	1999	1885	2897	8624	4922	742	0	3437	305	0	126	751	0	21	278	0	5141	4485	5816	1720	1244	90287	45501	42394	3107	44786
FR823	Alpes-Maritimes	1999	9594	16728	46202	25020	4075	36	7427	1548	9	648	4256	33	54	2045	1	38817	21353	56117	25416	16040	668046	286865	275419	11446	381181
FR712	Ardèche	1999	4661	8294	21284	8965	1412	14	10342	894	0	360	1347	0	41	999	0	11197	9243	13693	4637	3081	213756	106773	100464	6309	106983
FR211	Ardennes	1999	4492	5347	17786	6156	1190	60	4566	800	0	340	1405	0	7	447	0	10384	6306	9310	5811	3516	192007	82906	77923	4983	109101
FR621	Ariège	1999	3036	4726	17134	4892	652	0	5635	537	0	0	701	0	7	341	0	4299	3004	5668	2002	1079	108003	57483	53713	3770	50520
FR212	Aube	1999	3871	4971	15567	6332	1251	0	7031	680	1	416	2135	11	14	502	0	11942	7336	12020	6943	2962	191862	89960	83985	5975	101902
FR811	Aude	1999	5115	9582	34949	8091	1288	26	11346	1008	0	169	1297	11	14	898	0	9952	5741	13733	5635	3511	230504	120112	112366	7746	110392
FR622	Aveyron	1999	4606	5334	24371	8393	1398	0	9875	1006	0	1	1788	0	37	716	0	14763	12407	15531	2946	1928	213165	115075	105100	9975	98090
FR824	Bouches-du-Rôhne	1999	22736	46970	90599	43046	7074	59	34482	3420	0	1220	6337	101	38	2837	0	48128	31572	62925	33889	41510	1098362	498254	476943	21311	600108
FR251	Calvados	1999	11514	10350	44113	20178	3308	39	27665	2512	408	667	4105	14	12	1548	0	25402	19079	25482	10261	3882	445788	222343	210539	11804	223445
FR722	Cantal	1999	2121	2627	12572	3178	479	12	5425	489	3	194	704	0	14	401	0	10649	5288	7734	1445	707	123118	58255	54042	4213	64863
FR531	Charente	1999	5683	8522	28329	9052	1367	52	10753	1172	6	535	1705	0	1	952	0	13081	9200	14779	4417	2291	254701	121286	111897	9389	133415
FR532	Charente Maritime	1999	7489	11075	39813	16055	2295	20	31781	1640	6	926	2857	1	7	1592	0	21395	14285	25696	7046	3920	404722	198392	187899	10493	206330
FR241	Cher	1999	5090	12518	20422	7225	1099	15	7983	897	2	462	1887	0	4	782	0	12680	8127	14403	5436	2498	228079	109062	101530	7532	119017
FR631	Corrèze	1999	3716	10517	27233	5276	773	1	7243	672	0	268	1221	0	11	428	0	18823	4423	10526	2603	1342	183459	103705	95076	8629	79754
FR831	Corse-du-Sud	1999	770	2480	4338	1608	490	1	1859	80	0	0	252	0	2	170	0	5824	1234	3769	960	619	81625	25200	24456	744	56425
FR832	Haute-Corse	1999	947	3133	6891	1742	345	0	3644	86	0	0	277	0	0	128	0	8336	1145	3539	820	626	100666	32567	31659	908	68099
FR261	Côte-d'Or	1999	6840	6594	30991	14185	2343	0	9193	1084	0	478	2449	0	0	1329	0	19292	13688	20409	7456	5129	324541	150316	141460	8856	174225
FR521	Côtes-d'Armor	1999	11141	17792	51666	22648	2898	15	11421	2248	4	944	3554	1	15	1725	0	27743	21919	19050	7192	2795	422850	217792	204771	13021	205058
FR632	Creuse	1999	2174	4250	12258	3067	405	2	4007	391	0	210	576	0	0	293	0	6393	2468	6922	1425	604	104481	49735	45445	4290	54746
FR611	Dordogne	1999	6856	16602	36984	11879	1853	1	11756	1548	0	652	2531	2	61	1395	0	20508	10732	19302	5485	3746	304527	167490	151893	15597	137037
FR431	Doubs	1999	7749	5865	36181	15729	2279	35	7806	1137	0	572	2569	2	5	1177	0	24194	13013	19999	8482	4703	327687	161964	151497	10467	165723
FR713	Drôme	1999	6427	8807	29643	14284	2071	0	10925	1044	0	444	2237	0	0	1504	0	14755	12710	18275	8456	5049	298067	145301	136631	8670	152766
FR231	Eure	1999	9015	10146	32268	14788	2678	37	14002	1764	12	826	3763	1	4	784	0	20414	13931	23015	12784	6218	365774	177692	166450	11242	188082
FR242	Eure-et-Loir	1999	5986	5811	24950	10203	1720	33	11469	1106	0	570	2446	0	4	915	0	15228	10625	19165	10130	4359	275463	132825	124720	8105	142638
FR522	Finistère	1999	14920	16302	75874	33058	4031	86	14076	3080	2	841	4663	21	54	2110	0	46252	30770	32163	9019	4250	627123	305451	291572	13879	321672
FR812	Gard	1999	9497	19770	37778	16723	2465	2	17500	1623	2	604	2929	0	21	1407	0	18395	13349	29426	14672	11243	427359	209141	197406	11735	218218
FR623	Haute-Garonne	1999	20111	20618	95077	34666	4480	20	16163	3522	1	1146	4682	88	31	1727	0	28669	30012	37328	15997	9634	673424	342981	323972	19009	330443
FR624	Gers	1999	2983	4132	18320	5081	772	0	8470	620	1	334	1055	0	65	343	0	7132	6122	9228	2370	1318	135314	73764	68346	5418	61550
FR612	Gironde	1999	20809	25394	94396	36235	4658	54	49249	3995	12	1408	5407	3	37	3638	0	44703	33635	43164	18553	9080	835213	414925	394430	20495	420288
FR813	Hérault	1999	13630	22315	59604	29348	3482	0	30670	2191	0	706	3966	0	0	3159	0	25256	17806	39029	17155	13368	593746	297044	281685	15359	296702
FR523	Ille-et-Vilaine	1999	15158	11265	63708	33965	4138	89	16952	3178	2	1156	4383	184	22	1550	0	44039	33805	25522	8483	3538	594233	287192	271137	16055	307041
FR243	Indre	1999	3959	6482	18986	5559	964	83	6962	846	0	487	1554	0	1	555	0	10387	6200	10878	4122	1969	177632	88108	79994	8114	89524
FR244	Indre-et-Loire	1999	8542	9339	39324	16092	2497	0	11512	1680	1	883	2893	0	20	1398	0	22409	15980	21632	7748	3947	372052	177461	165897	11564	194591
FR714	Isère	1999	16430	21616	67441	35425	4482	54	14288	3168	15	980	4448	19	35	2780	0	31094	24764	35200	15133	10915	683118	302646	288287	14359	380472
FR432	Jura	1999	4090	4842	16329	9894	1293	9	5153	575	0	366	1515	2	3	954	0	11044	7895	10178	4093	2556	177780	87443	80791	6652	90337
FR613	Landes	1999	4501	9309	36086	7291	1052	1	20444	1253	4	514	1766	20	8	863	0	13365	11874	11963	3881	2154	250124	134983	126349	8634	115141
FR245	Loir-et-Cher	1999	5080	6770	22453	8566	1387	0	12894	1068	0	574	2007	1	2	592	1	12254	9500	15373	6243	3057	229522	116348	107822	8526	113174
FR715	Loire	1999	9976	13840	39132	16648	2911	42	7952	1799	9	677	3052	0	8	1404	0	24485	19062	29378	13559	8289	480953	204405	192223	12182	276548
FR723	Haute-Loire	1999	3415	3480	14532	5612	1370	0	4076	718	0	384	1151	0	0	482	0	9727	9225	10629	3581	2371	161992	77088	70753	6335	84904
FR511	Loire-Atlantique	1999	18497	17536	89580	41884	4986	1	25839	3819	6	1167	5490	0	10	2343	0	42991	38623	45188	11346	5394	787257	373190	354700	18490	414067
FR246	Loiret	1999	8631	11464	36848	16645	2743	4	18519	1701	20	850	3788	1	5	1575	0	24525	17103	25697	11437	7656	401570	201148	189212	11936	200422
FR625	Lot	1999	3338	5341	17125	6026	866	7	6488	528	0	268	1020	0	49	542	0	7299	4923	8056	1738	1191	125678	70456	64805	5651	55222
FR614	Lot-et-Garonne	1999	4613	8521	23680	8334	1560	1	12414	1154	0	577	1844	0	12	846	0	10569	11001	15121	6464	3929	225605	119256	110640	8616	106349
FR814	Lozère	1999	1177	1576	5293	2330	326	0	2488	223	0	75	390	0	1	223	0	5901	2880	4725	925	656	58096	31190	29189	2001	26906
FR512	Maine-et-Loire	1999	9753	8396	45527	22262	3144	10	18095	2446	3	1247	4036	88	11	2061	0	27307	33051	31525	8151	3720	497931	239667	220833	18834	258264
FR252	Manche	1999	7364	5901	30047	12438	2016	0	26644	1843	275	948	2821	0	9	1101	0	23305	17019	20871	7280	2679	354043	173313	162561	10752	180730
FR213	Marne	1999	7870	8138	29060	13431	2574	103	8279	1488	4	660	2908	1	12	870	0	22415	15333	20781	10242	5331	368422	158283	149500	8783	210139
FR214	Haute-Marne	1999	3331	2952	11832	4819	967	20	4963	615	0	389	1193	2	0	661	0	8644	4807	8290	4935	2064	144292	65822	60484	5338	78470
FR513	Mayenne	1999	3564	2710	19592	8530	1521	0	4020	1263	5	553	1754	0	4	717	0	15237	12334	12580	3287	1381	211342	98707	89052	9655	112635
FR411	Meurthe-et-Moselle	1999	12330	13411	44083	19114	3540	77	6728	1956	0	717	3596	0	2	1524	0	21121	18844	25483	12316	6200	469980	202310	191042	11268	267670
FR412	Meuse	1999	3083	2468	12524	4963	1142	0	4607	591	0	349	1165	0	4	278	0	7210	7724	8794	4365	2327	139781	66678	61594	5084	73103
FR524	Morbihan	1999	10354	11518	49685	23047	3462	69	16459	2430	5	1102	4211	1	19	1492	0	36962	24081	24390	11339	3607	482709	237842	224233	13609	244867
FR413	Moselle	1999	15810	10752	53337	26383	5641	13	5316	3086	0	1359	5656	0	0	1747	0	32963	25873	31238	22410	11140	703206	271197	252724	18473	432009
FR262	Nièvre	1999	3832	7872	21815	5359	907	0	5017	672	0	386	1228	1	13	415	0	8612	5245	9017	3934	1753	172172	82238	76078	6160	89934
FR301	Nord	1999	49361	68670	160746	61652	13216	213	51269	10929	18	3099	14248	45	107	5053	0	80786	61731	86088	60415	22583	1695850	801833	750229	51604	894017
FR222	Oise	1999	14652	15052	44266	19124	3923	0	13247	2773	27	1063	4457	20	8	1638	0	26260	15691	30301	22173	9825	497801	238872	224500	14372	258929
FR253	Orne	1999	4726	3605	18365	8339	1502	18	9822	1123	24	611	2003	2	2	692	0	14756	10534	13567	6055	2262	213404	105097	98008	7089	108307
FR302	Pas-de-Calais	1999	33972	45073	109617	31685	7590	141	55866	8483	18	2492	8885	30	20	2917	0	44039	27198	49286	31768	11269	1033441	508587	470349	38238	524854
FR724	Puy-de-Dôme	1999	11930	13374	50190	17024	2750	43	7619	1863	1	544	2883	9	63	1427	0	23042	19047	24348	6617	3996	418129	201269	186770	14499	216860
FR615	Pyrénées-Atlantiques	1999	10357	11376	49539	18830	2518	12	23891	3087	0	732	3125	1	92	931	0	20643	40064	21549	6903	3892	441431	230778	217542	13236	210653
FR626	Hautes-Pyrénées	1999	4418	7374	21173	6336	919	0	10516	766	0	321	1415	0	107	512	0	6711	10101	8458	2550	1386	169976	89159	83063	6096	80817
FR815	Pyrénées-Orientales	1999	5933	11135	27324	9670	1811	7	11572	987	0	433	1979	0	5	1024	0	12676	10578	17994	9218	5679	273009	135446	128025	7421	137563
FR421	Bas-Rhin	1999	12696	5438	44609	33143	8955	29	4227	2644	0	1590	6478	0	11	1773	0	39330	42785	27024	23465	10536	664476	284046	264733	19313	380430
FR422	Haut-Rhin	1999	8985	4424	33554	21475	9203	39	2735	1768	0	984	4444	0	31	1363	0	26241	25607	19779	14822	9990	468114	199570	185444	14126	268544
FR716	Rôhne	1999	18853	22658	82289	43789	6156	71	9858	2992	1	882	6216	91	85	3285	0	51523	45317	57864	26028	17653	907075	411864	395611	16253	495211
FR433	Haute-Saône	1999	4157	3863	18365	6440	1279	18	6620	761	0	452	1519	0	2	487	0	12310	5860	10117	5737	2910	172950	88753	80897	7856	84197
FR263	Saône-et-Loire	1999	7660	11101	40429	12563	1857	0	12933	1567	0	721	2881	0	10	1430	0	22271	14337	20406	7183	4723	398599	175726	162072	13654	222873
FR514	Sarthe	1999	8991	10609	36678	14510	2418	73	8010	1704	0	1023	2845	0	3	1126	0	22063	14259	19867	7495	2959	380811	167984	154633	13351	212827
FR717	Savoie	1999	4959	6708	22880	11677	1824	4	4145	955	0	354	1848	5	41	1096	0	15315	9442	14573	4948	3706	254187	111660	104480	7180	142527
FR718	Haute-Savoie	1999	6557	6627	29278	20938	3708	58	5335	1236	0	567	3315	0	70	2045	0	23071	19204	22998	8306	5265	397778	169752	158578	11174	228026
FR101	Paris	1999	27214	24756	106693	89812	6295	24	5166	3814	0	574	8306	1096	113	2173	2	90804	57314	64401	23325	15984	1036107	543738	527866	15872	492369
FR232	Seine-Maritime	1999	25467	33321	84696	33923	5912	0	22171	4581	0	1410	6536	0	0	2355	0	42175	28911	43555	22415	12149	825556	393389	369577	23812	432167
FR102	Seine-et-Marne	1999	17536	20498	62431	32854	5441	0	12153	3002	0	945	7118	0	0	2309	0	39016	23962	43558	21289	13011	696251	320515	305123	15392	375736
FR103	Yvelines	1999	16575	18700	76469	45069	5943	42	10390	3485	14	739	8795	5	89	2912	0	60783	46506	56002	19974	13910	819043	401091	386402	14689	417952
FR533	Deux-Sèvres	1999	5201	4432	29842	11292	1592	1	9883	1526	0	656	2087	2	6	565	0	14006	12987	16096	3598	1462	261445	125699	115234	10465	135746
FR223	Somme	1999	11843	16649	33791	12343	2377	72	56422	1967	5	905	3142	18	15	1057	0	17546	14903	19887	11376	4254	392998	222045	208572	13473	170953
FR627	Tarn	1999	6502	8020	34354	10659	1904	54	10156	1500	0	612	2077	1	6	1376	0	14986	10416	17608	6520	3727	256670	142761	130478	12283	113909
FR628	Tarn-et-Garonne	1999	3569	4237	17250	6167	965	0	9109	748	1	354	1205	0	0	619	0	8121	5562	10472	4380	2389	151510	81368	75148	6220	70142
FR825	Var	1999	10527	16947	46805	20578	4232	30	19461	1938	1	710	4413	2	11	1704	0	30829	19114	51392	22395	16506	613499	279130	267595	11535	334369
FR826	Vaucluse	1999	6525	9995	28881	14556	2540	5	12377	1218	0	642	2466	0	42	1720	0	17660	9598	23932	13713	9559	328575	164551	155429	9122	164024
FR515	Vendée	1999	6223	6071	38151	14976	2385	58	15211	1928	0	926	2860	0	9	1412	0	18689	17793	62920	5205	2397	409614	211685	197214	14471	197929
FR534	Vienne	1999	6946	7874	30494	13188	1683	5	12719	1658	3	744	2300	0	5	884	0	16603	12972	14821	4733	2580	283754	140434	130212	10222	143320
FR633	Haute-Vienne	1999	7713	13336	36801	10080	1244	8	9237	1428	2	478	2305	6	14	690	0	15097	7306	14258	3976	2367	260760	140293	126346	13947	120467
FR414	Vosges	1999	6635	4655	26424	9945	2141	24	6632	1446	0	779	2984	0	3	770	0	17491	9524	15807	9281	4443	280904	131458	118984	12474	149446
FR264	Yonne	1999	4779	7049	19215	9073	1640	18	7733	864	0	547	2153	0	33	676	0	13715	8322	15458	7717	3800	232548	110784	102792	7992	121764
FR434	Territoire de Belfort	1999	2596	1743	10071	3914	780	0	2158	378	0	55	781	0	0	249	0	5012	2556	4326	2586	1856	87798	41973	39061	2912	45825
FR104	Essonne	1999	18040	22552	69694	38761	5143	36	7858	2721	2	714	6439	2	78	1885	0	37305	27486	39346	16504	11372	677084	319375	305938	13437	357709
FR105	Hauts-de-Seine	1999	17597	26270	73926	46542	5148	34	5333	2995	8	588	7510	14	75	2038	0	61109	43433	60063	17700	13058	800939	396993	383441	13552	403946
FR106	Seine-Saint-Denis	1999	19310	37426	55364	28318	4216	46	3863	2319	10	660	4149	198	21	1238	1	25241	15036	29105	21818	12094	651462	272077	260433	11644	379385
FR107	Val-de Marne	1999	17205	34157	63382	38552	4916	75	4742	2416	22	613	6190	148	72	1823	1	37003	26203	36210	17222	11473	670973	315205	302425	12780	355768
FR108	Val-de Oise	1999	15418	22031	55038	29977	4473	12	6514	2385	0	634	5164	8	37	1551	0	31318	21484	34700	18861	10409	599764	271515	260014	11501	328249
FR910	Gaudeloupe	1999	657	703	7124	1337	2	5	64	401	0	1678	391	0	1	1	0	6960	695	5845	430	189	262036	30774	26483	4291	231262
FR920	Martinique	1999	775	1155	7280	1066	2	1707	0	358	0	552	451	0	0	0	0	7463	2385	1900	255	187	250613	29128	25536	3592	221485
FR930	Guyane	1999	334	206	1535	626	0	0	1	0	0	20	219	0	0	0	0	1254	500	662	265	166	43731	6321	5788	533	37410
FR940	Réunion	1999	3101	6663	40086	6940	0	20	700	3323	8	2381	2747	14	38	1258	2	22396	18174	5653	2583	1971	386696	128091	118058	10033	258605
FRX20	Mayotte	1999	233	219	1157	695	0	0	0	0	15	58	204	0	0	0	0	4236	4059	249	283	397	41773	12010	11805	205	29763
FRX50	Nouvelle Caledonie	1999	732	772	3841	1812	0	0	379	0	0	368	703	0	0	0	0	12896	2085	4240	2516	1018	116898	32643	31362	1281	84255
FRX40	Polynesie Francaise	1999	374	393	5415	2639	0	0	0	0	0	1021	1318	0	0	0	0	23536	1254	1207	1219	889	133057	41457	39265	2192	91600
FRX10	Sainte Pierre et Miquelon	1999	47	23	310	156	0	0	0	0	0	0	19	0	0	0	0	130	294	60	42	17	4510	1216	1098	118	3294
FRX30	Wallis et Futuna	1999	33	31	2811	81	0	0	0	0	0	0	62	0	0	0	0	1619	218	117	66	55	8728	5141	5093	48	3587
FRZZZ	Abroad votes	1999	1537	1432	12957	8964	0	0	1	332	0	332	608	0	0	13	0	10010	6718	5396	2024	1225	292646	52628	51549	1079	240018
FR10	Île de France	1999	45861	74452	192465	82139	14327	210	60505	8037	9	3725	16353	50	166	6718	1	119706	78757	146379	66800	39101	2218046	1015152	955761	59391	1202894
FR21	Champagne-Ardenne	1999	16628	24613	92021	27708	4589	26	33887	3231	1	586	5921	22	72	2457	0	40956	28488	46952	17526	9480	743534	382630	355164	27466	360904
FR22	Picardie	1999	36371	59947	147284	66402	10861	110	67572	6421	411	2081	11146	115	64	4786	0	84179	55939	96141	45595	46099	1667268	778852	741524	37328	888416
FR23	Haute-Normandie	1999	13172	19597	68142	25107	3662	72	42534	2812	12	1461	4562	1	8	2544	0	34476	23485	40475	11463	6211	659423	319678	299796	19882	339745
FR24	Centre	1999	28504	53034	141541	52684	7948	32	41343	5067	6	2152	9640	1	32	4562	0	92698	50536	71696	24467	13009	1341220	638642	598952	39690	702578
FR25	Basse-Normandie	1999	16779	26717	85423	30675	4537	38	23569	3076	0	1434	5676	4	66	2865	0	51095	26213	46223	15392	9053	736695	379189	348835	30354	357506
FR26	Bourgogne	1999	36348	41066	162735	72333	10500	156	50472	6994	14	2681	13109	22	62	5313	0	96649	68036	92618	40389	19876	1566427	761269	719373	41896	805158
FR30	Nord - Pas-de-Calais	1999	29608	40388	132855	51389	6945	22	33663	5145	3	1750	7611	88	52	3134	0	47064	43361	66754	30669	20877	1100783	552122	521378	30744	548661
FR41	Lorraine	1999	52580	63106	236028	104629	13050	143	105341	9984	15	3604	14811	187	124	8690	0	121130	91368	116943	46561	27304	2158506	1072925	1015598	57327	1085581
FR42	Alsace	1999	12501	15821	58310	21651	3461	83	18474	2526	1	1370	4447	0	21	1953	0	32796	22180	32510	11870	5916	549684	265569	245891	19678	284115
FR43	Franche-Comté	1999	30101	42537	142309	61176	8214	64	52779	6064	19	2434	9736	42	48	5189	1	67757	54033	72714	29350	18682	1340544	641420	603249	38171	699124
FR51	Pays de la Loire	1999	43857	51661	197217	86815	12876	54	62874	8565	35	3346	14501	1	72	6346	0	109027	88936	118948	41661	24901	1957450	926287	871693	54594	1031163
FR52	Bretagne	1999	22907	24394	104547	45364	7046	11	59641	5666	278	2847	9091	88	33	4231	0	67082	63951	72242	22820	10984	1135675	563426	523223	40203	572249
FR53	Poitou-Charentes	1999	27095	27211	104567	45894	8602	200	23990	5322	9	2319	9451	3	18	3772	0	67417	51318	67134	30780	14976	1194036	525122	490078	35044	668914
FR61	Aquitaine	1999	82440	101280	298107	121404	24368	295	82668	17708	23	6295	26508	47	143	8985	0	166533	124654	159527	102463	41410	3193718	1459788	1364858	94930	1733930
FR62	Midi-Pyrénées	1999	98684	112427	365083	144151	29968	250	136760	21726	70	7786	31225	62	308	10914	0	187457	175998	192527	108749	48845	3711667	1793254	1672990	120264	1918413
FR63	Limousin	1999	31995	30945	134208	71704	16638	128	19213	5521	1	2318	12179	91	118	5135	0	90074	76784	87760	46587	30553	1548139	700187	661952	38235	847952
FR71	Rhône-Alpes	1999	114959	132320	459554	261346	33398	201	80303	20344	14	6333	41644	1106	326	15446	2	315498	213935	285360	114935	71707	4808332	2283855	2168731	115124	2524477
FR72	Auvergne	1999	27115	33338	115237	40461	6838	127	85570	5741	6	2527	8511	21	27	3617	0	54659	43868	64063	25874	11832	1062623	571873	529432	42441	490750
FR81	Languedoc-Roussillon	1999	37934	54223	181132	73378	12084	106	69005	8170	6	3500	14344	8	81	6410	0	98878	66783	167323	50022	33409	1896202	936093	876796	59297	960109
FR82	Provence-Alpes-Côte d'Azur	1999	68957	99695	254694	136553	19068	158	33577	10723	20	3343	24016	214	210	6856	1	159873	106357	164105	75606	46623	2730735	1272660	1210649	62011	1458075
FR83	Corse	1999	32623	56188	118420	68529	9389	87	11256	4801	22	1247	11354	156	109	3374	1	68321	47687	70910	36083	21882	1270737	586720	562439	24281	684017
FR91	Gaudeloupe	1999	657	703	7124	1337	2	5	64	401	0	1678	391	0	1	1	0	6960	695	5845	430	189	262036	30774	26483	4291	231262
FR92	Martinique	1999	775	1155	7280	1066	2	1707	0	358	0	552	451	0	0	0	0	7463	2385	1900	255	187	250613	29128	25536	3592	221485
FR93	Guyane	1999	334	206	1535	626	0	0	1	0	0	20	219	0	0	0	0	1254	500	662	265	166	43731	6321	5788	533	37410
FR94	Réunion	1999	3101	6663	40086	6940	0	20	700	3323	8	2381	2747	14	38	1258	2	22396	18174	5653	2583	1971	386696	128091	118058	10033	258605
FRX1	Sainte Pierre et Miquelon	1999	233	219	1157	695	0	0	0	0	15	58	204	0	0	0	0	4236	4059	249	283	397	41773	12010	11805	205	29763
FRX2	Mayotte	1999	732	772	3841	1812	0	0	379	0	0	368	703	0	0	0	0	12896	2085	4240	2516	1018	116898	32643	31362	1281	84255
FRX3	Wallis et Futuna	1999	374	393	5415	2639	0	0	0	0	0	1021	1318	0	0	0	0	23536	1254	1207	1219	889	133057	41457	39265	2192	91600
FRX4	Polynesie Francaise	1999	47	23	310	156	0	0	0	0	0	0	19	0	0	0	0	130	294	60	42	17	4510	1216	1098	118	3294
FRX5	Nouvelle Caledonie	1999	33	31	2811	81	0	0	0	0	0	0	62	0	0	0	0	1619	218	117	66	55	8728	5141	5093	48	3587
FRZZ	Abroad votes	1999	1537	1432	12957	8964	0	0	1	332	0	332	608	0	0	13	0	10010	6718	5396	2024	1225	292646	52628	51549	1079	240018
FR1	ÎLE DE FRANCE	1999	45861	74452	192465	82139	14327	210	60505	8037	9	3725	16353	50	166	6718	1	119706	78757	146379	66800	39101	2218046	1015152	955761	59391	1202894
FR2	BASSIN PARISIEN	1999	147802	224974	697146	274909	42097	434	259377	27601	444	10395	50054	165	304	22527	0	400053	252697	394105	154832	103728	6714567	3260260	3063644	196616	3454307
FR3	NORD - PAS-DE-CALAIS	1999	29608	40388	132855	51389	6945	22	33663	5145	3	1750	7611	88	52	3134	0	47064	43361	66754	30669	20877	1100783	552122	521378	30744	548661
FR4	EST	1999	95182	121464	436647	187456	24725	290	176594	18574	35	7408	28994	229	193	15832	1	221683	167581	222167	87781	51902	4048734	1979914	1864738	115176	2068820
FR5	OUEST	1999	93859	103266	406331	178073	28524	265	146505	19553	322	8512	33043	92	123	14349	0	243526	204205	258324	95261	50861	4287161	2014835	1884994	129841	2272326
FR6	SUD-OUEST	1999	213119	244652	797398	337259	70974	673	238641	44955	94	16399	69912	200	569	25034	0	444064	377436	439814	257799	120808	8453524	3953229	3699800	253429	4500295
FR7	CENTRE-EST	1999	142074	165658	574791	301807	40236	328	165873	26085	20	8860	50155	1127	353	19063	2	370157	257803	349423	140809	83539	5870955	2855728	2698163	157565	3015227
FR8	MÉDITERRANÉE	1999	139514	210106	554246	278460	40541	351	113838	23694	48	8090	49714	378	400	16640	2	327072	220827	402338	161711	101914	5897674	2795473	2649884	145589	3102201
FR9	DÉPARTMENTS D'OUTRE -MER	1999	4867	8727	56025	9969	4	1732	765	4082	8	4631	3808	14	39	1259	2	38073	21754	14060	3533	2513	943076	194314	175865	18449	748762
FRX	OTHER AREAS	1999	1419	1438	13534	5383	0	0	379	0	15	1447	2306	0	0	0	0	42417	7910	5873	4126	2376	304966	92467	88623	3844	212499
FRZ	ABROAD VOTES	1999	1537	1432	12957	8964	0	0	1	332	0	332	608	0	0	13	0	10010	6718	5396	2024	1225	292646	52628	51549	1079	240018
FR	FRANCE	1999	914842	1196557	3874395	1715808	268373	4305	1196141	178058	998	71549	312558	2343	2199	124569	8	2263825	1639049	2304633	1005345	578844	40132132	18766122	17654399	1111723	21366010
