SE	 616963	 458398	 363472	 321344	 247750	 157258	 149603	 142704	 54577	 6827870	 2584464	 2512069	 72395
SE010	 111314	 147849	 79752	 59373	 75749	 13039	 37630	 28485	 8906	 1375807	 574175	 562097	 12078
SE021	 19392	 15521	 13547	 9814	 10094	 6127	 6787	 5329	 1077	 227564	 90088	 87688	 2400
SE022	 21691	 12013	 9606	 6947	 5571	 4638	 4693	 3271	 964	 196498	 71582	 69394	 2188
SE023	 33603	 20691	 20270	 12601	 9348	 12627	 7775	 7409	 1683	 319106	 132415	 126007	 6408
SE024	 24668	 9827	 13569	 8770	 5496	 4408	 4170	 5854	 1376	 209707	 80505	 78138	 2367
SE025	 19567	 10719	 11351	 8309	 5727	 4562	 3930	 3728	 853	 196904	 71155	 68746	 2409
SE091	 19919	 13092	 13161	 8483	 5741	 8118	 3674	 14153	 1654	 248425	 90804	 87995	 2809
SE092	 11750	 7529	 6880	 5641	 3021	 5301	 2264	 3126	 895	 137041	 47946	 46407	 1539
SE093	 17334	 8781	 8713	 5920	 3371	 8115	 2826	 3675	 579	 182921	 61313	 59314	 1999
SE094	 4174	 2304	 1724	 1651	 832	 3130	 1052	 421	 102	 44785	 15971	 15390	 581
SE041	 10506	 6304	 4693	 4205	 2956	 2867	 1894	 1955	 1340	 117253	 38075	 36720	 1355
SE044	 76748	 70334	 37307	 24680	 31558	 15335	 16505	 12650	 11348	 879777	 306395	 296465	 9930
SE0A1	 18888	 16218	 12523	 7469	 8387	 8205	 4064	 3663	 1420	 214800	 83331	 80837	 2494
SE0A2	 101514	 69632	 60986	 59140	 53535	 24650	 27869	 27488	 8383	 1149894	 445494	 433197	 12297
SE061	 21252	 9994	 9499	 9020	 5182	 5850	 4134	 3420	 1800	 211539	 72193	 70151	 2042
SE062	 20652	 8673	 14034	 10730	 4069	 4852	 4169	 4659	 1141	 214822	 74977	 72979	 1998
SE063	 18283	 7206	 12925	 9992	 4314	 5319	 4226	 2780	 4584	 216043	 71394	 69629	 1765
SE071	 19485	 6096	 10153	 9758	 3802	 5232	 4085	 3311	 2920	 191728	 66690	 64842	 1848
SE072	 8985	 3196	 6884	 6368	 1446	 5492	 2340	 1003	 1869	 100293	 38601	 37583	 1018
SE081	 16327	 5116	 7187	 32381	 5239	 5207	 3077	 4116	 711	 198168	 80887	 79361	 1526
SE082	 20911	 7303	 8708	 20092	 2312	 4184	 2439	 2208	 972	 194795	 70473	 69129	 1344
