SE	773513	596710	430385	349114	225915	179182	173414	148141	112355	103584	70434	5799	7088303	3227561	3168546	59015
SE010	123503	184483	134485	102491	52774	36393	22231	27235	18600	13891	24370	1845	1470438	751426	742301	9125
SE021	25133	21049	19117	15595	8644	6775	7274	5494	4474	2609	3208	159	251513	121602	119531	2071
SE022	25738	15430	11320	9476	5875	4391	4822	3681	3080	2454	1522	169	203987	90043	87958	2085
SE023	37578	24803	15261	17559	11765	6902	13356	7141	5006	3959	2017	171	327891	148271	145518	2753
SE024	29748	13182	10507	9427	6512	6146	4368	5826	3372	4328	1961	100	215095	97550	95477	2073
SE025	25161	13985	12061	6915	6403	5832	3908	3448	3552	2082	993	107	191634	86147	84447	1700
SE091	28094	17964	11862	9163	6303	5535	7647	17261	4386	3769	797	70	255870	115439	112851	2588
SE092	13863	9969	6133	5157	3689	5480	5040	3457	1867	2755	640	22	139264	59357	58072	1285
SE093	22893	11950	7401	6689	5050	4339	8121	4768	2576	2526	774	161	184826	79745	77248	2497
SE094	5151	2967	2002	2315	1381	1087	2841	564	473	266	634	36	45935	20163	19717	446
SE041	13401	7686	5177	3924	3245	2658	2935	1923	1240	3693	927	25	118117	47978	46834	1144
SE044	86735	89452	56930	37525	28644	15346	17755	13018	7874	25533	10722	736	922807	398890	390270	8620
SE0A1	24521	23720	14515	9759	6543	3920	8206	4655	2757	3515	1310	55	227059	105873	103476	2397
SE0A2	133203	98973	72355	65093	40995	31211	29630	28112	16951	18094	11759	899	1197819	557393	547275	10118
SE061	26533	12634	10063	7812	5480	5525	6428	3520	3161	2829	1034	154	213152	86859	85173	1686
SE062	26285	11065	10256	7855	6460	6762	5426	3502	4895	2692	1761	107	216712	89356	87066	2290
SE063	24954	10046	8473	7880	5167	6600	5481	2987	4452	3263	1094	50	217025	81952	80447	1505
SE071	28544	8446	6838	6245	5372	5136	4673	3611	3989	1865	1152	119	191408	77264	75990	1274
SE072	14112	4099	2666	3748	2397	2715	5698	984	2895	833	482	45	100419	41448	40674	774
SE081	27591	6984	7838	9015	7133	7598	4636	4425	11643	1186	2004	405	202030	91845	90458	1387
SE082	30772	7823	5125	5471	6083	8831	2938	2529	5112	1442	1273	364	195302	78960	77763	1197
