UK	 4397087	 3718683	 2660768	 2452327	 948588	 808201	 252216	 231505	 175761	 209930	 1362744	 44157267	 17312030	 17007880	 304150
UKC	 144969	 266057	 94887	 138791	 37247	 50249	 8633	 0	 0	 39658	 39658	 1905132	 810062	 780491	 29571
UKD	 509446	 576388	 257158	 335063	 117393	 134959	 24636	 0	 0	 8318	 160120	 5151488	 2177451	 2115163	 62288
UKE	 387369	 413213	 228666	 244607	 90337	 126538	 29865	 0	 0	 14762	 52606	 3719717	 1626899	 1573201	 53698
UKF	 371359	 294918	 366498	 181964	 76633	 91860	 20009	 0	 0	 3462	 3462	 3220019	 1439462	 1406703	 32759
UKG	 392937	 336613	 251366	 197479	 73991	 107794	 34704	 0	 0	 0	 42151	 3957848	 1456716	 1437035	 19681
UKH	 465526	 244929	 296160	 211378	 84068	 65557	 13904	 0	 0	 98165	 128702	 4137210	 1526832	 1510224	 16608
UKI	 504941	 466584	 232633	 288790	 158986	 76152	 91175	 0	 0	 0	 66188	 5054957	 1913671	 1885449	 28222
UKJ	 776370	 301398	 431111	 338342	 173351	 64877	 13426	 0	 0	 5671	 108542	 6034549	 2228055	 2207417	 20638
UKK	 457371	 209908	 326784	 265619	 103821	 43653	 10437	 0	 0	 0	 30824	 3845077	 1459614	 1448417	 11197
UKL	 177771	 297810	 96677	 96116	 32761	 27135	 5427	 0	 0	 0	 183989	 2218649	 934392	 917686	 16706
UKM	 209028	 310865	 78828	 154178	 0	 19427	 0	 231505	 0	 3624	 172986	 3839952	 1183159	 1176817	 6342
UKN	 0	 0	 0	 0	 0	 0	 0	 0	 175761	 36270	 373516	 1072669	 555717	 549277	 6440
